29 0.507812 0.689062 0.08125 0.140625
8 0.661719 0.605469 0.0421875 0.0765625
38 0.733594 0.274219 0.0828125 0.0953125
35 0.371094 0.75625 0.0640625 0.096875
38 0.763281 0.246094 0.145313 0.157813
50 0.732813 0.278125 0.084375 0.090625
42 0.508594 0.689062 0.0828125 0.140625
27 0.335938 0.21875 0.059375 0.090625
35 0.682031 0.763281 0.0515625 0.0703125
4 0.664062 0.678906 0.159375 0.0171875
0 0.522656 0.269531 0.607813 0.185937
83 0.660937 0.604688 0.040625 0.075
8 0.353906 0.601562 0.0890625 0.121875
4 0.350781 0.685938 0.179688 0.046875
13 0.503906 0.267188 0.0578125 0.1375
77 0.507812 0.688281 0.08125 0.139062
9 0.6375 0.275 0.065625 0.04375
16 0.65 0.597656 0.146875 0.135937
16 0.671875 0.760156 0.13125 0.145313
12 0.420312 0.2875 0.06875 0.096875
30 0.28125 0.304688 0.0875 0.115625
0 0.501562 0.68125 0.48125 0.29375
