0.0 0.5015619993209839 0.6812499761581421 0.48124998807907104 0.29374998807907104
29 0.5078120231628418 0.6890619993209839 0.08124999701976776 0.140625
8 0.661719024181366 0.6054689884185791 0.04218750074505806 0.07656250149011612
35 0.3710939884185791 0.7562500238418579 0.06406249850988388 0.09687499701976776
42 0.5085939764976501 0.6890619993209839 0.08281250298023224 0.140625
35 0.682030975818634 0.763280987739563 0.05156249925494194 0.0703125
4 0.6640620231628418 0.6789060235023499 0.15937499701976776 0.01718750037252903
83 0.6609370112419128 0.6046879887580872 0.04062499850988388 0.07500000298023224
8 0.3539060056209564 0.6015620231628418 0.08906249701976776 0.12187500298023224
4 0.35078099370002747 0.6859380006790161 0.1796880066394806 0.046875
77 0.5078120231628418 0.6882809996604919 0.08124999701976776 0.13906200230121613
16 0.6499999761581421 0.5976560115814209 0.14687499403953552 0.13593700528144836
16 0.671875 0.760155975818634 0.13124999403953552 0.14531299471855164
